# HSTS 1.0 Known Hosts database for GNU Wget.
# Edit at your own risk.
# <hostname>	<port>	<incl. subdomains>	<created>	<max-age>
ibm.com	0	0	1668228509	3600
i.imgur.com	0	0	1695715135	300
s.gr-assets.com	0	1	1697452031	47474747
github.com	0	1	1700285326	31536000
www.podchaser.com	0	0	1644973174	15552000
traffic.megaphone.fm	0	1	1679031601	15724800
launchpad.net	0	0	1660940472	15552000
twit.tv	0	0	1681679454	604800000
developer.mozilla.org	0	0	1702960637	63072000
ia903100.us.archive.org	0	0	1678085002	15724800
teddysun.net	0	0	1668228764	31536000
www.theatlantic.com	0	0	1702804443	300
archive.org	0	0	1678085001	15724800
gitlab.com	0	0	1687586892	31536000
i.picsum.photos	0	0	1674693406	15552000
picsum.photos	0	0	1702889064	15552000
news.google.com	0	0	1703041610	31536000
dcs.megaphone.fm	0	1	1677097510	15724800
www.nytimes.com	0	1	1701509209	63072000
hn.algolia.com	0	1	1694419039	31536000
superuser.com	0	0	1701672606	15552000
www.npr.org	0	1	1699527140	15724800
gist.githubusercontent.com	0	0	1702618992	31536000
www.mnlottery.com	0	1	1696222853	31536000
accounts.google.com	0	1	1702516906	31536000
nytimes.com	0	0	1701509209	63072000
ia804603.us.archive.org	0	0	1678083434	15724800
img.huffingtonpost.com	0	0	1701424265	31536000
unsplash.com	0	0	1687924437	31536000
bench.sh	0	0	1695703982	31536000
twin-cities.umn.edu	0	0	1668228499	31536000
www.freecodecamp.org	0	1	1681802262	31536000
apt.llvm.org	0	0	1688582245	300
www.ibm.com	0	0	1668228509	31536000
www.bbc.co.uk	0	0	1697534015	31536000
bringmethenews.com	0	0	1701503953	31557600
www.svgrepo.com	0	0	1702168149	63072000
photos.google.com	0	0	1702516906	31536000
www.youtube.com	0	0	1702717784	31536000
raw.githubusercontent.com	0	0	1702959559	31536000
